1.50 26.0 20.75 
1.50 26.0 20.75 
1.49 26.0 20.75 
1.49 25.0 20.5 
1.48 25.0 20.5 
1.48 25.0 20.5 
1.47 24.0 20.25 
1.46 24.0 20.25 
1.46 24.0 20.25 
1.45 24.0 20.25 
1.45 23.0 20.0 
1.44 23.0 20.0 
1.43 23.0 42.7 
1.42 22.0 42.45 
1.41 21.0 42.2 
1.39 21.0 42.2 
1.39 20.0 41.95 
1.38 20.0 41.95 
1.38 20.0 41.95 
1.37 19.0 41.7 
1.37 19.0 41.7 
1.36 19.0 41.7 
1.35 19.0 41.7 
1.35 18.0 41.45 
1.34 18.0 41.45 
1.34 18.0 41.45 
1.33 18.0 41.45 
1.33 17.0 41.2 
1.32 17.0 41.2 
1.32 17.0 41.2 
1.31 17.0 41.2 
1.31 16.0 40.95 
1.30 16.0 40.95 
1.30 16.0 40.95 
1.29 15.0 40.7 
1.29 15.0 40.7 
1.28 15.0 40.7 
1.27 14.0 40.45 
1.27 14.0 40.45 
1.26 14.0 40.45 
1.25 13.0 40.2 
1.25 13.0 40.2 
1.25 13.0 40.2 
1.24 13.0 40.2 
1.24 13.0 40.2 
1.23 12.0 39.95 
1.22 12.0 39.95 
1.22 12.0 39.95 
1.21 12.0 39.95 
1.21 11.0 39.7 
1.20 11.0 39.7 
1.20 11.0 39.7 
1.19 11.0 39.7 
1.19 10.0 39.45 
1.18 10.0 39.45 
1.18 10.0 39.45 
1.17 10.0 39.45 
1.17 9.0 39.2 
1.16 9.0 39.2 
1.16 9.0 39.2 
1.15 9.0 39.2 
1.15 8.0 38.95 
1.14 8.0 38.95 
1.14 8.0 38.95 
1.13 7.0 38.7 
1.12 7.0 38.7 
1.12 7.0 38.7 
1.11 6.0 38.45 
1.11 6.0 38.45 
1.10 6.0 38.45 
1.09 5.0 38.2 
1.09 5.0 38.2 
1.08 5.0 38.2 
1.08 4.0 37.95 
1.07 4.0 37.95 
1.07 4.0 37.95 
1.06 4.0 37.95 
1.06 4.0 37.95 
1.05 3.0 37.7 
1.05 3.0 37.7 
1.04 3.0 37.7 
1.03 3.0 37.7 
1.03 2.0 37.45 
1.02 2.0 37.45 
1.02 2.0 37.45 
1.01 1.0 37.2 
1.01 1.0 37.2 
1.00 1.0 37.2 
0.99 1.0 37.2 
0.99 100.8 36.95 
0.98 100.8 36.95 
0.98 100.8 36.95 
0.97 100.8 36.95 
0.97 100.8 36.95 
0.96 100.8 36.95 
0.95 100.8 36.95 
0.95 100.8 36.95 
0.95 100.8 36.95 
0.94 100.8 36.95 
0.94 100.8 36.95 
0.93 100.8 36.95 
0.92 100.8 36.95 
0.92 100.8 36.95 
0.92 100.8 36.95 
0.91 100.8 36.95 
0.91 99.8 36.7 
0.90 99.8 36.7 
0.89 99.8 36.7 
0.89 98.8 36.45 
0.88 98.8 36.45 
0.88 98.8 36.45 
0.87 98.8 36.45 
0.87 98.8 36.45 
0.86 97.8 36.2 
0.85 97.8 36.2 
0.85 97.8 36.2 
0.84 96.8 35.95 
0.83 96.8 35.95 
0.83 96.8 35.95 
0.82 95.8 35.7 
0.82 95.8 35.7 
0.81 95.8 35.7 
0.81 95.8 35.7 
0.80 94.8 35.45 
0.80 94.8 35.45 
0.79 94.8 35.45 
0.79 93.8 35.2 
0.78 93.8 35.2 
0.77 93.8 35.2 
0.77 93.8 35.2 
0.76 92.8 34.95 
0.76 92.8 34.95 
0.75 92.8 34.95 
0.75 92.8 34.95 
0.74 91.8 34.7 
0.74 91.8 34.7 
0.73 91.8 34.7 
0.73 91.8 34.7 
0.72 90.8 34.45 
0.72 90.8 34.45 
0.71 90.8 34.45 
0.71 90.8 34.45 
0.70 89.8 34.2 
0.70 89.8 34.2 
0.69 89.8 34.2 
0.68 88.8 33.95 
0.67 88.8 33.95 
0.67 88.8 33.95 
0.66 87.8 33.7 
0.65 87.8 33.7 




















